obtacles: [[[0.6, 0.5, -1.0], [0.9, 0.6, 1.0]], [[0.6, -0.6, -1.0], [0.9, -0.5, 1.0]], [[0.6, -0.6, 0.9], [0.9, 0.6, 1.0]], [[0.6, -0.6, -1.0], [0.9, 0.6, -0.9]], [[0.6, -0.6, 0.5], [0.9, 0.6, 0.6]], [[0.6, -0.6, -0.5], [0.9, 0.6, -0.4]], [[0.6, 0.0, 0.6], [0.9, 0.1, 1.0]], [[0.6, 0.2, -0.5], [0.9, 0.3, 0.6]], [[0.6, -0.3, -1.0], [0.9, -0.2, -0.4]]]
start: [-0.60028000000000004, 1.7409600000000001, 1.8500000000000001, 1.7460500000000001, -1.6961599999999999, -1.2692699999999999, -1.1027199999999999]
tajectories: [[-0.60028, 1.74096, 1.85, 1.74605, -1.69616, -1.26927, -1.10272], [-0.28394, 1.78877, 1.85, 1.39993, -1.83709, -1.34525, -1.05573]]
end: [-0.23515, 1.7961499999999999, 1.8500000000000001, 1.34656, -1.8588199999999999, -1.3569599999999999, -1.0484800000000001]
obtacles: [[[0.6, 0.5, -1.0], [0.9, 0.6, 1.0]], [[0.6, -0.6, -1.0], [0.9, -0.5, 1.0]], [[0.6, -0.6, 0.9], [0.9, 0.6, 1.0]], [[0.6, -0.6, -1.0], [0.9, 0.6, -0.9]], [[0.6, -0.6, 0.5], [0.9, 0.6, 0.6]], [[0.6, -0.6, -0.5], [0.9, 0.6, -0.4]], [[0.6, 0.0, 0.6], [0.9, 0.1, 1.0]], [[0.6, 0.2, -0.5], [0.9, 0.3, 0.6]], [[0.6, -0.3, -1.0], [0.9, -0.2, -0.4]]]
start: [-0.52680000000000005, 1.8746400000000001, 2.2000000000000002, 1.4725699999999999, 1.14185, 1.0127900000000001, 2.4200300000000001]
tajectories: [[-0.5268, 1.87464, 2.2, 1.47257, 1.14185, 1.01279, 2.42003], [-0.40762, 1.86341, 2.2, 1.10747, 1.00238, 1.19302, 2.64461]]
end: [-0.36453000000000002, 1.85934, 2.2000000000000002, 0.97550000000000003, 0.95196000000000003, 1.25817, 2.7257899999999999]
obtacles: [[[0.6, 0.5, -1.0], [0.9, 0.6, 1.0]], [[0.6, -0.6, -1.0], [0.9, -0.5, 1.0]], [[0.6, -0.6, 0.9], [0.9, 0.6, 1.0]], [[0.6, -0.6, -1.0], [0.9, 0.6, -0.9]], [[0.6, -0.6, 0.5], [0.9, 0.6, 0.6]], [[0.6, -0.6, -0.5], [0.9, 0.6, -0.4]], [[0.6, 0.0, 0.6], [0.9, 0.1, 1.0]], [[0.6, 0.2, -0.5], [0.9, 0.3, 0.6]], [[0.6, -0.3, -1.0], [0.9, -0.2, -0.4]]]
start: [-0.59087000000000001, 1.46875, 1.6000000000000001, 1.05196, -1.4964500000000001, -1.49498, -0.46539999999999998]
tajectories: [[-0.59087, 1.46875, 1.6, 1.05196, -1.49645, -1.49498, -0.4654]]
end: [-0.72319999999999995, 1.70096, 1.6499999999999999, 1.1163400000000001, -1.72245, -1.55728, -0.38696000000000003]
obtacles: [[[0.6, 0.5, -1.0], [0.9, 0.6, 1.0]], [[0.6, -0.6, -1.0], [0.9, -0.5, 1.0]], [[0.6, -0.6, 0.9], [0.9, 0.6, 1.0]], [[0.6, -0.6, -1.0], [0.9, 0.6, -0.9]], [[0.6, -0.6, 0.5], [0.9, 0.6, 0.6]], [[0.6, -0.6, -0.5], [0.9, 0.6, -0.4]], [[0.6, 0.0, 0.6], [0.9, 0.1, 1.0]], [[0.6, 0.2, -0.5], [0.9, 0.3, 0.6]], [[0.6, -0.3, -1.0], [0.9, -0.2, -0.4]]]
start: [-0.18551999999999999, 1.47905, 1.6499999999999999, 0.93794999999999995, -1.54332, -1.4528000000000001, -0.75770000000000004]
tajectories: [[-0.18552, 1.47905, 1.65, 0.93795, -1.54332, -1.4528, -0.7577], [-0.22863, 1.68597, 1.65, 1.25863, -1.70538, -1.52983, -1.02283]]
end: [-0.22974, 1.6913, 1.6499999999999999, 1.2668900000000001, -1.7095499999999999, -1.5318099999999999, -1.02966]
