obtacles: [[[0.6, -0.4, -0.2], [1.0, 0.6, -0.3]], [[0.8, -0.1, -0.2], [1.2, -0.0, 0.4]], [[0.8, 0.3, -0.2], [1.2, 0.4, 0.4]], [[0.8, -0.1, 0.4], [1.2, 0.4, 0.5]]]
start: [2.5532400000000002, -1.89662, -1.1499999999999999, 0.84382999999999997, -2.0918800000000002, -1.4942899999999999, -0.16489000000000001]
tajectories: [[2.55324, -1.89662, -1.15, 0.84383, -2.09188, -1.49429, -0.16489], [2.41441, -1.59662, -1.3498, 0.80496, -2.1316, -1.40546, -0.46461], [2.27558, -1.29663, -1.54961, 0.76608, -2.17132, -1.31663, -0.76432], [2.13676, -0.99663, -1.74941, 0.72721, -2.21103, -1.2278, -1.06404], [1.99793, -0.69663, -1.94921, 0.68833, -2.25075, -1.13897, -1.36375], [1.8591, -0.39664, -2.14902, 0.64946, -2.29046, -1.05014, -1.66346], [1.72028, -0.09664, -2.34882, 0.61059, -2.33018, -0.96132, -1.96318], [1.58145, 0.20336, -2.54863, 0.57171, -2.3699, -0.87249, -2.26289], [1.52421, 0.32704, -2.631, 0.55568, -2.38627, -0.83586, -2.38646], [1.51302, 0.49019, -2.47217, 0.84441, -2.59795, -0.57345, -2.41801], [1.50183, 0.65333, -2.31334, 1.13315, -2.80964, -0.31104, -2.44955], [1.49063, 0.81648, -2.1545, 1.42188, -3.02132, -0.04863, -2.48109], [1.47944, 0.97963, -1.99567, 1.71061, -3.23301, 0.21379, -2.51263], [1.46825, 1.14277, -1.83684, 1.99934, -3.44469, 0.4762, -2.54417], [1.45705, 1.30592, -1.678, 2.28807, -3.65637, 0.73861, -2.57571], [1.44586, 1.46906, -1.51917, 2.5768, -3.86806, 1.00102, -2.60726], [1.43726, 1.59443, -1.39712, 2.79867, -4.03072, 1.20267, -2.63149], [1.27908, 1.60201, -1.43358, 2.50975, -3.66022, 1.25531, -2.63995], [1.12089, 1.60958, -1.47004, 2.22083, -3.28971, 1.30796, -2.6484], [0.96271, 1.61716, -1.5065, 1.93191, -2.91921, 1.3606, -2.65685], [0.80453, 1.62474, -1.54296, 1.64299, -2.5487, 1.41325, -2.6653], [0.64634, 1.63231, -1.57942, 1.35407, -2.1782, 1.46589, -2.67376], [0.48816, 1.63989, -1.61588, 1.06515, -1.80769, 1.51854, -2.68221]]
end: [0.34014, 1.6469800000000001, -1.6499999999999999, 0.79479999999999995, -1.4610000000000001, 1.5678000000000001, -2.6901199999999998]
obtacles: [[[0.6, -0.4, -0.2], [1.0, 0.6, -0.3]], [[0.8, -0.1, -0.2], [1.2, -0.0, 0.4]], [[0.8, 0.3, -0.2], [1.2, 0.4, 0.4]], [[0.8, -0.1, 0.4], [1.2, 0.4, 0.5]]]
start: [2.5478399999999999, -1.68641, -1.5, 1.04419, -1.7062600000000001, -1.56803, -0.44614999999999999]
tajectories: [[2.54784, -1.68641, -1.5, 1.04419, -1.70626, -1.56803, -0.44615], [2.37893, -1.33615, -1.44341, 1.20142, -1.72402, -1.31507, -0.52712], [2.21002, -0.98589, -1.38682, 1.35866, -1.74178, -1.06211, -0.60809], [2.04112, -0.63563, -1.33024, 1.5159, -1.75953, -0.80915, -0.68906], [1.87221, -0.28537, -1.27365, 1.67314, -1.77729, -0.55619, -0.77003], [1.7033, 0.0649, -1.21706, 1.83038, -1.79505, -0.30323, -0.851], [1.53439, 0.41516, -1.16047, 1.98762, -1.81281, -0.05027, -0.93197], [1.36549, 0.76542, -1.10389, 2.14485, -1.83057, 0.20269, -1.01294], [1.21829, 1.07066, -1.05457, 2.28188, -1.84605, 0.42313, -1.0835], [1.10409, 1.21252, -1.20498, 2.04505, -1.71116, 0.60471, -1.37838], [0.98989, 1.35439, -1.35538, 1.80822, -1.57627, 0.78628, -1.67327], [0.87569, 1.49626, -1.50579, 1.57138, -1.44138, 0.96786, -1.96815], [0.76149, 1.63813, -1.65619, 1.33455, -1.30649, 1.14943, -2.26304], [0.64729, 1.77999, -1.80659, 1.09772, -1.17161, 1.33101, -2.55793], [0.53309, 1.92186, -1.957, 0.86089, -1.03672, 1.51258, -2.85281]]
end: [0.50044, 1.9624200000000001, -2.0, 0.79317000000000004, -0.99814999999999998, 1.5645, -2.9371200000000002]
