obtacles: [[[0.6, -0.4, -0.2], [1.0, 0.6, -0.3]], [[0.8, -0.3, -0.2], [1.2, -0.2, 0.4]], [[0.8, 0.1, -0.2], [1.2, 0.2, 0.4]], [[0.8, -0.3, 0.4], [1.2, 0.2, 0.5]]]
start: [2.5207299999999999, -1.8976200000000001, -0.90000000000000002, 0.60002999999999995, -2.30322, -1.5032799999999999, 0.16155]
tajectories: [[2.52073, -1.89762, -0.9, 0.60003, -2.30322, -1.50328, 0.16155], [2.19446, -1.84093, -0.98308, 0.77289, -2.53055, -1.50622, -0.06618], [1.86818, -1.78423, -1.06615, 0.94575, -2.75788, -1.50916, -0.29392], [1.54191, -1.72754, -1.14923, 1.11861, -2.9852, -1.5121, -0.52165], [1.21564, -1.67084, -1.2323, 1.29146, -3.21253, -1.51504, -0.74939], [0.88936, -1.61415, -1.31538, 1.46432, -3.43986, -1.51797, -0.97712], [0.87477, -1.61161, -1.31909, 1.47205, -3.45003, -1.51811, -0.98731], [1.242, -1.70166, -1.41757, 1.53233, -3.16572, -1.49387, -0.8765], [1.60924, -1.79171, -1.51605, 1.59261, -2.88141, -1.46962, -0.7657], [1.97647, -1.88175, -1.61452, 1.65288, -2.59709, -1.44538, -0.65489], [2.25433, -1.94989, -1.68903, 1.69849, -2.38197, -1.42704, -0.57104], [2.42423, -1.92036, -1.31579, 1.50969, -2.25934, -1.2552, -0.54386], [2.59412, -1.89083, -0.94255, 1.32089, -2.13671, -1.08335, -0.51668]]
end: [2.6134900000000001, -1.8874599999999999, -0.90000000000000002, 1.2993699999999999, -2.1227399999999998, -1.06376, -0.51358000000000004]
