obtacles: [[[0.6, -0.4, -0.2], [1.0, 0.6, -0.3]], [[0.8, -0.3, -0.2], [1.2, -0.2, 0.3]], [[0.8, 0.2, -0.2], [1.2, 0.3, 0.3]], [[0.8, -0.3, 0.3], [1.2, 0.3, 0.4]]]
start: [2.5487500000000001, -1.91086, -0.59999999999999998, 0.70857999999999999, -2.5589599999999999, -1.3149299999999999, 0.20324999999999999]
tajectories: [[2.54875, -1.91086, -0.6, 0.70858, -2.55896, -1.31493, 0.20325], [2.37082, -1.82982, -0.51282, 0.91243, -2.69614, -1.03112, 0.45475], [2.19288, -1.74877, -0.42564, 1.11628, -2.83332, -0.7473, 0.70624], [2.01495, -1.66773, -0.33846, 1.32012, -2.97049, -0.46349, 0.95774], [1.83702, -1.58669, -0.25128, 1.52397, -3.10767, -0.17967, 1.20923], [1.65909, -1.50565, -0.1641, 1.72782, -3.24485, 0.10414, 1.46073], [1.48115, -1.42461, -0.07692, 1.93167, -3.38202, 0.38795, 1.71222], [1.30322, -1.34357, 0.01026, 2.13551, -3.5192, 0.67177, 1.96372], [1.12529, -1.26253, 0.09744, 2.33936, -3.65637, 0.95558, 2.21521], [1.0217, -1.21535, 0.1482, 2.45804, -3.73623, 1.12081, 2.36163], [0.88218, -0.91428, 0.15061, 2.38385, -3.39753, 0.99235, 2.41783], [0.74265, -0.61321, 0.15301, 2.30965, -3.05883, 0.86389, 2.47402], [0.60313, -0.31214, 0.15542, 2.23546, -2.72013, 0.73543, 2.53022], [0.46361, -0.01107, 0.15783, 2.16127, -2.38142, 0.60696, 2.58642], [0.32408, 0.29, 0.16024, 2.08708, -2.04272, 0.4785, 2.64262], [0.18456, 0.59107, 0.16265, 2.01289, -1.70402, 0.35004, 2.69881], [0.1042, 0.76448, 0.16404, 1.97016, -1.50893, 0.27605, 2.73118], [0.08979, 0.93539, 0.04426, 1.59386, -1.67478, 0.46712, 2.75622], [0.07538, 1.10629, -0.07552, 1.21757, -1.84063, 0.65818, 2.78125], [0.06098, 1.2772, -0.19529, 0.84127, -2.00648, 0.84925, 2.80629], [0.04657, 1.4481, -0.31507, 0.46498, -2.17233, 1.04032, 2.83133], [0.03216, 1.61901, -0.43484, 0.08868, -2.33817, 1.23139, 2.85636], [0.01776, 1.78991, -0.55462, -0.28761, -2.50402, 1.42246, 2.8814]]
end: [0.0123, 1.85466, -0.59999999999999998, -0.43018000000000001, -2.5668600000000001, 1.4948600000000001, 2.8908900000000002]
obtacles: [[[0.6, -0.4, -0.2], [1.0, 0.6, -0.3]], [[0.8, -0.3, -0.2], [1.2, -0.2, 0.3]], [[0.8, 0.2, -0.2], [1.2, 0.3, 0.3]], [[0.8, -0.3, 0.3], [1.2, 0.3, 0.4]]]
start: [-0.61663999999999997, 1.7372300000000001, 1.8500000000000001, 0.55603000000000002, -1.89472, -1.56806, 0.084489999999999996]
tajectories: [[-0.61664, 1.73723, 1.85, 0.55603, -1.89472, -1.56806, 0.08449], [-0.81795, 1.56595, 1.84178, 0.86644, -1.9458, -1.28868, 0.02924], [-1.01926, 1.39467, 1.83356, 1.17685, -1.99688, -1.00929, -0.02601], [-1.22057, 1.22339, 1.82534, 1.48726, -2.04796, -0.72991, -0.08126], [-1.42188, 1.05211, 1.81713, 1.79767, -2.09905, -0.45053, -0.13651], [-1.47625, 1.00586, 1.81491, 1.8815, -2.11284, -0.37508, -0.15143], [-1.41139, 1.05844, 1.66928, 2.01008, -2.40658, -0.37659, 0.19354], [-1.34653, 1.11103, 1.52366, 2.13867, -2.70031, -0.3781, 0.53851], [-1.28168, 1.16362, 1.37804, 2.26726, -2.99405, -0.37961, 0.88348], [-1.21682, 1.21621, 1.23242, 2.39585, -3.28779, -0.38112, 1.22845], [-1.20686, 1.22428, 1.21006, 2.41559, -3.33289, -0.38135, 1.28142], [-1.04127, 1.31217, 1.32609, 2.14602, -3.14655, -0.55421, 1.0282], [-0.87567, 1.40005, 1.44212, 1.87645, -2.96021, -0.72707, 0.77498], [-0.71008, 1.48794, 1.55815, 1.60687, -2.77387, -0.89993, 0.52176], [-0.54448, 1.57583, 1.67418, 1.3373, -2.58753, -1.07279, 0.26855], [-0.37888, 1.66371, 1.79021, 1.06773, -2.40119, -1.24565, 0.01533], [-0.21329, 1.7516, 1.90624, 0.79816, -2.21485, -1.41851, -0.23789]]
end: [-0.079469999999999999, 1.8226199999999999, 2.0, 0.58031999999999995, -2.0642800000000001, -1.5582, -0.44251000000000001]
