obtacles: [[[0.6, -0.4, -0.2], [1.0, 0.6, -0.3]], [[0.7, -0.3, -0.2], [1.1, -0.2, 0.5]], [[0.7, 0.1, -0.2], [1.1, 0.2, 0.5]], [[0.7, -0.3, 0.5], [1.1, 0.2, 0.6]]]
start: [2.2841300000000002, -1.82233, -0.90000000000000002, 1.34806, -2.0306299999999999, -1.0096000000000001, -0.26779999999999998]
tajectories: [[2.28413, -1.82233, -0.9, 1.34806, -2.03063, -1.0096, -0.2678], [1.85926, -1.66654, -0.8915, 1.33639, -2.18156, -0.95285, -0.40569], [1.4344, -1.51075, -0.88301, 1.32473, -2.33249, -0.89609, -0.54357], [1.00953, -1.35496, -0.87451, 1.31307, -2.48341, -0.83934, -0.68145], [0.58467, -1.19918, -0.86602, 1.3014, -2.63434, -0.78258, -0.81934], [0.1598, -1.04339, -0.85752, 1.28974, -2.78527, -0.72582, -0.95722], [-0.26506, -0.8876, -0.84902, 1.27807, -2.9362, -0.66907, -1.0951], [-0.68993, -0.73182, -0.84053, 1.26641, -3.08712, -0.61231, -1.23299], [-0.74012, -0.71341, -0.83952, 1.26503, -3.10495, -0.60561, -1.24927], [-0.85023, -0.43511, -0.66011, 1.51219, -3.05215, -0.49164, -1.47592], [-0.96035, -0.15681, -0.48069, 1.75934, -2.99936, -0.37767, -1.70257], [-1.07046, 0.1215, -0.30128, 2.0065, -2.94656, -0.2637, -1.92921], [-1.18058, 0.3998, -0.12186, 2.25366, -2.89376, -0.14973, -2.15586], [-1.29069, 0.6781, 0.05755, 2.50082, -2.84096, -0.03576, -2.3825], [-1.32894, 0.77478, 0.11988, 2.58668, -2.82262, 0.00383, -2.46124], [-1.1989, 0.91602, 0.34904, 2.42703, -2.64687, -0.23575, -2.24478], [-1.06886, 1.05725, 0.5782, 2.26737, -2.47112, -0.47533, -2.02833], [-0.93881, 1.19849, 0.80736, 2.10772, -2.29538, -0.7149, -1.81188], [-0.80877, 1.33973, 1.03653, 1.94807, -2.11963, -0.95448, -1.59543], [-0.67872, 1.48097, 1.26569, 1.78841, -1.94388, -1.19406, -1.37898], [-0.54868, 1.62221, 1.49485, 1.62876, -1.76814, -1.43364, -1.16253]]
end: [-0.48901, 1.68702, 1.6000000000000001, 1.5555000000000001, -1.6875, -1.5435700000000001, -1.06321]
obtacles: [[[0.6, -0.4, -0.2], [1.0, 0.6, -0.3]], [[0.7, -0.3, -0.2], [1.1, -0.2, 0.5]], [[0.7, 0.1, -0.2], [1.1, 0.2, 0.5]], [[0.7, -0.3, 0.5], [1.1, 0.2, 0.6]]]
start: [-0.84341999999999995, 1.6082799999999999, 1.8999999999999999, 0.87453999999999998, -1.81531, -1.3450500000000001, 0.00296]
tajectories: [[-0.84342, 1.60828, 1.9, 0.87454, -1.81531, -1.34505, 0.00296], [-1.02976, 1.30733, 1.94151, 0.7836, -2.03809, -1.24904, -0.23341], [-1.21611, 1.00639, 1.98301, 0.69267, -2.26087, -1.15304, -0.46978], [-1.40246, 0.70545, 2.02452, 0.60173, -2.48365, -1.05704, -0.70614], [-1.44297, 0.64001, 2.03354, 0.58196, -2.53208, -1.03617, -0.75754], [-1.41422, 0.72511, 2.07095, 0.95412, -2.84325, -1.05002, -0.68673], [-1.38547, 0.81021, 2.10836, 1.32628, -3.15442, -1.06388, -0.61593], [-1.35672, 0.8953, 2.14578, 1.69844, -3.46558, -1.07773, -0.54513], [-1.32797, 0.9804, 2.18319, 2.0706, -3.77675, -1.09159, -0.47432], [-1.32556, 0.98752, 2.18632, 2.10175, -3.8028, -1.09275, -0.4684], [-1.28434, 1.21082, 2.04857, 2.11855, -3.76399, -1.20073, -0.87584], [-1.24312, 1.43412, 1.91082, 2.13536, -3.72517, -1.30871, -1.28329], [-1.20189, 1.65743, 1.77307, 2.15216, -3.68636, -1.41669, -1.69074], [-1.16067, 1.88073, 1.63532, 2.16896, -3.64755, -1.52467, -2.09819], [-1.1454, 1.96347, 1.58428, 2.17519, -3.63317, -1.56468, -2.24915], [-1.04688, 1.9597, 1.65214, 2.07532, -3.26501, -1.48938, -1.95848], [-0.94837, 1.95594, 1.72, 1.97545, -2.89684, -1.41409, -1.66782], [-0.84986, 1.95218, 1.78787, 1.87558, -2.52868, -1.33879, -1.37715], [-0.75134, 1.94841, 1.85573, 1.77571, -2.16052, -1.2635, -1.08648]]
end: [-0.68708000000000002, 1.9459599999999999, 1.8999999999999999, 1.7105600000000001, -1.9203399999999999, -1.21438, -0.89685999999999999]
