obtacles: [[[0.6, -0.4, -0.2], [1.0, 0.6, -0.3]], [[0.8, -0.3, -0.2], [1.2, -0.2, 0.5]], [[0.8, 0.2, -0.2], [1.2, 0.3, 0.5]], [[0.8, -0.3, 0.5], [1.2, 0.3, 0.6]]]
start: [2.40584, -1.6828099999999999, -1.1499999999999999, 0.81233, -1.94895, -1.3512599999999999, -0.010460000000000001]
tajectories: [[2.40584, -1.68281, -1.15, 0.81233, -1.94895, -1.35126, -0.01046], [2.28463, -1.61157, -1.38821, 0.95111, -1.61975, -1.17383, 0.10946], [2.16342, -1.54034, -1.62642, 1.08988, -1.29056, -0.9964, 0.22939], [2.0422, -1.46911, -1.86462, 1.22866, -0.96136, -0.81898, 0.34931], [1.92099, -1.39787, -2.10283, 1.36744, -0.63217, -0.64155, 0.46924], [1.79978, -1.32664, -2.34104, 1.50621, -0.30297, -0.46412, 0.58916], [1.69963, -1.26778, -2.53784, 1.62087, -0.031, -0.31753, 0.68824], [1.48046, -0.98349, -2.55623, 1.48468, 0.03095, -0.43961, 0.97723], [1.26128, -0.6992, -2.57462, 1.34849, 0.0929, -0.56169, 1.26622], [1.0421, -0.41492, -2.59301, 1.2123, 0.15484, -0.68376, 1.55521], [0.82292, -0.13063, -2.6114, 1.07611, 0.21679, -0.80584, 1.8442], [0.60375, 0.15366, -2.62979, 0.93992, 0.27873, -0.92792, 2.13319], [0.38457, 0.43795, -2.64818, 0.80373, 0.34068, -1.05, 2.42218], [0.21012, 0.66423, -2.66282, 0.69534, 0.38999, -1.14716, 2.65219], [0.22941, 0.74121, -2.57478, 1.00239, 0.02933, -1.14287, 2.54461], [0.24871, 0.81819, -2.48675, 1.30945, -0.33134, -1.13857, 2.43703], [0.268, 0.89516, -2.39871, 1.6165, -0.692, -1.13428, 2.32945], [0.2873, 0.97214, -2.31068, 1.92356, -1.05266, -1.12999, 2.22187], [0.30659, 1.04912, -2.22264, 2.23061, -1.41332, -1.12569, 2.11429], [0.32589, 1.1261, -2.13461, 2.53767, -1.77398, -1.1214, 2.0067], [0.33071, 1.14533, -2.11262, 2.61437, -1.86406, -1.12032, 1.97983], [0.33116, 1.25069, -2.12465, 2.32994, -2.15935, -1.18163, 1.72118], [0.33162, 1.35606, -2.13668, 2.04552, -2.45464, -1.24294, 1.46252], [0.33207, 1.46142, -2.14872, 1.7611, -2.74993, -1.30425, 1.20386], [0.33252, 1.56679, -2.16075, 1.47668, -3.04522, -1.36555, 0.94521], [0.33298, 1.67215, -2.17278, 1.19226, -3.34051, -1.42686, 0.68655], [0.33343, 1.77751, -2.18481, 0.90784, -3.6358, -1.48817, 0.42789], [0.33388, 1.88288, -2.19685, 0.62342, -3.93109, -1.54948, 0.16924]]
end: [0.33400000000000002, 1.91048, -2.2000000000000002, 0.54888999999999999, -4.00847, -1.5655399999999999, 0.10145999999999999]
