obtacles: [[[0.6, -0.4, -0.2], [1.0, 0.6, -0.3]], [[0.8, -0.0, -0.2], [1.2, 0.1, 0.3]], [[0.8, 0.4, -0.2], [1.2, 0.5, 0.3]], [[0.8, 0.0, 0.3], [1.2, 0.5, 0.4]]]
start: [-0.55771000000000004, 1.9441999999999999, 2.25, 0.84240000000000004, -2.3108499999999998, -1.3759300000000001, -0.075620000000000007]
tajectories: [[-0.55771, 1.9442, 2.25, 0.8424, -2.31085, -1.37593, -0.07562], [-0.66566, 1.62355, 2.16238, 0.69424, -2.36752, -1.30082, -0.38714], [-0.77362, 1.30289, 2.07476, 0.54608, -2.4242, -1.2257, -0.69865], [-0.88158, 0.98223, 1.98714, 0.39792, -2.48087, -1.15059, -1.01017], [-0.98954, 0.66158, 1.89953, 0.24975, -2.53754, -1.07548, -1.32168], [-1.0975, 0.34092, 1.81191, 0.10159, -2.59421, -1.00036, -1.6332], [-1.15655, 0.16554, 1.76399, 0.02056, -2.62521, -0.95928, -1.80358], [-0.86881, 0.41505, 1.82863, 0.19189, -2.46746, -1.06892, -1.98935], [-0.58108, 0.66457, 1.89328, 0.36323, -2.30971, -1.17857, -2.17512], [-0.29335, 0.91408, 1.95792, 0.53456, -2.15197, -1.28822, -2.3609], [-0.10185, 1.08015, 2.00095, 0.64859, -2.04698, -1.3612, -2.48454], [-0.12045, 1.14556, 1.86641, 0.91771, -2.39131, -1.17176, -2.46461], [-0.13906, 1.21096, 1.73188, 1.18683, -2.73565, -0.98232, -2.44467], [-0.15766, 1.27637, 1.59734, 1.45594, -3.07999, -0.79288, -2.42474], [-0.17627, 1.34178, 1.4628, 1.72506, -3.42432, -0.60344, -2.40481], [-0.19487, 1.40718, 1.32826, 1.99418, -3.76866, -0.414, -2.38488], [-0.21348, 1.47259, 1.19373, 2.26329, -4.113, -0.22456, -2.36495], [-0.22564, 1.51536, 1.10576, 2.43926, -4.33815, -0.1007, -2.35191], [-0.19904, 1.58127, 1.27541, 2.23938, -4.03144, -0.26714, -2.11859], [-0.17243, 1.64717, 1.44506, 2.0395, -3.72472, -0.43357, -1.88527], [-0.14582, 1.71308, 1.61471, 1.83962, -3.41801, -0.60001, -1.65195], [-0.11922, 1.77899, 1.78437, 1.63974, -3.1113, -0.76645, -1.41862], [-0.09261, 1.8449, 1.95402, 1.43986, -2.80458, -0.93289, -1.1853], [-0.066, 1.91081, 2.12367, 1.23998, -2.49787, -1.09933, -0.95198]]
end: [-0.046190000000000002, 1.9598899999999999, 2.25, 1.09114, -2.2694800000000002, -1.2232700000000001, -0.77824000000000004]
