obtacles: [[[0.6, -0.4, -0.2], [1.0, 0.6, -0.3]], [[0.8, -0.3, -0.2], [1.2, -0.2, 0.3]], [[0.8, 0.1, -0.2], [1.2, 0.2, 0.3]], [[0.8, -0.3, 0.3], [1.2, 0.2, 0.4]]]
start: [2.5453299999999999, -1.84283, -0.80000000000000004, 0.50070000000000003, -2.3751600000000002, -1.4842500000000001, 0.24332999999999999]
tajectories: [[2.54533, -1.84283, -0.8, 0.5007, -2.37516, -1.48425, 0.24333], [2.30425, -1.56335, -1.02802, 0.66579, -2.32872, -1.31546, 0.30559], [2.06317, -1.28387, -1.25604, 0.83088, -2.28228, -1.14667, 0.36785], [1.82209, -1.00439, -1.48406, 0.99597, -2.23585, -0.97788, 0.43011], [1.58101, -0.72491, -1.71208, 1.16106, -2.18941, -0.80908, 0.49237], [1.33992, -0.44543, -1.9401, 1.32615, -2.14297, -0.64029, 0.55463], [1.09884, -0.16595, -2.16812, 1.49125, -2.09654, -0.4715, 0.61689], [1.07606, -0.13954, -2.18967, 1.50685, -2.09215, -0.45555, 0.62277], [1.01658, 0.29933, -2.15617, 1.66424, -2.22197, -0.52862, 0.54686], [0.95711, 0.73821, -2.12267, 1.82164, -2.35179, -0.60169, 0.47094], [0.89763, 1.17709, -2.08917, 1.97903, -2.48161, -0.67475, 0.39502], [0.83816, 1.61596, -2.05567, 2.13642, -2.61143, -0.74782, 0.3191], [0.7929, 1.94993, -2.03018, 2.25619, -2.71022, -0.80342, 0.26133], [0.65878, 1.92161, -2.02416, 1.91514, -3.01272, -0.95462, 0.28346], [0.52466, 1.89329, -2.01813, 1.57409, -3.31522, -1.10581, 0.3056], [0.39054, 1.86497, -2.01211, 1.23303, -3.61772, -1.25701, 0.32773], [0.25642, 1.83665, -2.00608, 0.89198, -3.92022, -1.4082, 0.34986], [0.1223, 1.80833, -2.00006, 0.55093, -4.22272, -1.5594, 0.37199]]
end: [0.121, 1.80806, -2.0, 0.54761000000000004, -4.2256600000000004, -1.56087, 0.37220999999999999]
