obtacles: [[[0.6, -0.4, -0.2], [1.0, 0.6, -0.3]], [[0.8, -0.3, -0.2], [1.2, -0.2, 0.5]], [[0.8, 0.1, -0.2], [1.2, 0.2, 0.5]], [[0.8, -0.3, 0.5], [1.2, 0.2, 0.6]]]
start: [2.5268899999999999, -1.6621900000000001, -0.59999999999999998, 0.65385000000000004, -2.4703300000000001, -1.1291, 0.22500999999999999]
tajectories: [[2.52689, -1.66219, -0.6, 0.65385, -2.47033, -1.1291, 0.22501], [2.17146, -1.48642, -0.72109, 0.82608, -2.67589, -1.08813, 0.29218], [1.81602, -1.31065, -0.84219, 0.99832, -2.88145, -1.04715, 0.35935], [1.46059, -1.13488, -0.96328, 1.17055, -3.08701, -1.00617, 0.42651], [1.10516, -0.95912, -1.08438, 1.34278, -3.29257, -0.96519, 0.49368], [0.74973, -0.78335, -1.20547, 1.51502, -3.49813, -0.92421, 0.56084], [0.3943, -0.60758, -1.32656, 1.68725, -3.70369, -0.88323, 0.62801], [0.03887, -0.43181, -1.44766, 1.85948, -3.90926, -0.84226, 0.69518], [-0.01989, -0.40275, -1.46768, 1.88796, -3.94324, -0.83548, 0.70628], [0.03544, -0.11497, -1.65812, 1.93086, -3.65635, -0.82521, 0.91509], [0.09076, 0.17281, -1.84857, 1.97376, -3.36947, -0.81494, 1.1239], [0.14609, 0.46059, -2.03902, 2.01666, -3.08258, -0.80467, 1.33271], [0.20142, 0.74837, -2.22946, 2.05956, -2.79569, -0.79441, 1.54153], [0.25674, 1.03614, -2.41991, 2.10246, -2.50881, -0.78414, 1.75034], [0.31207, 1.32392, -2.61036, 2.14536, -2.22192, -0.77387, 1.95915], [0.32848, 1.40928, -2.66685, 2.15808, -2.13683, -0.77082, 2.02108], [0.29983, 1.50077, -2.53945, 1.95446, -2.48098, -0.90138, 1.80283], [0.27118, 1.59225, -2.41205, 1.75084, -2.82512, -1.03193, 1.58457], [0.24253, 1.68374, -2.28465, 1.54723, -3.16927, -1.16248, 1.36631], [0.21388, 1.77522, -2.15725, 1.34361, -3.51342, -1.29304, 1.14805], [0.18524, 1.86671, -2.02985, 1.13999, -3.85757, -1.42359, 0.92979], [0.15659, 1.95819, -1.90245, 0.93637, -4.20171, -1.55414, 0.71153]]
end: [0.15604000000000001, 1.9599500000000001, -1.8999999999999999, 0.93245, -4.2083399999999997, -1.5566599999999999, 0.70733000000000001]
