obtacles: [[[0.6, -0.4, -0.2], [1.0, 0.6, -0.3]], [[0.7, -0.1, -0.2], [1.1, -0.0, 0.3]], [[0.7, 0.4, -0.2], [1.1, 0.5, 0.3]], [[0.7, -0.1, 0.3], [1.1, 0.5, 0.4]]]
start: [-0.77376, 1.9539500000000001, 1.6000000000000001, 1.4987699999999999, -1.9550099999999999, -1.5706899999999999, -0.71933000000000002]
tajectories: [[-0.77376, 1.95395, 1.6, 1.49877, -1.95501, -1.57069, -0.71933], [-1.06227, 1.79243, 1.64912, 1.59158, -1.91345, -1.26586, -0.9064], [-1.35078, 1.63091, 1.69824, 1.68439, -1.87188, -0.96103, -1.09348], [-1.6393, 1.46939, 1.74737, 1.77719, -1.83032, -0.6562, -1.28055], [-1.92781, 1.30787, 1.79649, 1.87, -1.78876, -0.35137, -1.46763], [-2.21633, 1.14636, 1.84561, 1.96281, -1.74719, -0.04654, -1.6547], [-2.41505, 1.0351, 1.87944, 2.02673, -1.71856, 0.16342, -1.78356], [-2.32749, 0.59544, 1.88286, 2.08011, -1.6138, 0.14891, -1.59651], [-2.23993, 0.15579, 1.88627, 2.13349, -1.50903, 0.1344, -1.40947], [-2.15237, -0.28387, 1.88969, 2.18687, -1.40427, 0.11988, -1.22242], [-2.06481, -0.72353, 1.8931, 2.24025, -1.2995, 0.10537, -1.03538], [-1.97725, -1.16319, 1.89652, 2.29364, -1.19473, 0.09086, -0.84833], [-1.91914, -1.45501, 1.89878, 2.32907, -1.1252, 0.08123, -0.72419], [-2.04046, -1.50895, 1.82229, 2.13384, -1.17652, 0.36213, -1.05109], [-2.16178, -1.5629, 1.74579, 1.93861, -1.22784, 0.64304, -1.37799], [-2.28311, -1.61684, 1.66929, 1.74339, -1.27916, 0.92394, -1.70489], [-2.40443, -1.67079, 1.5928, 1.54816, -1.33048, 1.20484, -2.0318], [-2.52576, -1.72473, 1.5163, 1.35294, -1.3818, 1.48575, -2.3587]]
end: [-2.5516100000000002, -1.7362299999999999, 1.5, 1.3113300000000001, -1.39273, 1.5456099999999999, -2.4283600000000001]
